[5.31148738e-01 6.47551008e-02 2.88398573e-01 2.10635664e-01
 8.05588189e-01 9.06610071e-01 2.83078701e-01 9.11030797e-01
 9.62832173e-01 1.79110222e-01 4.54944972e-01 8.98846160e-01
 4.27066130e-01 1.85625094e-01 4.09033231e-04]
[0.6435883  0.48886967 0.40952608 0.53567934 0.5291584  0.45021766
 0.7242121  0.46536586 0.4958169  0.5073487  0.48019132 0.54038346
 0.54063725 0.4909788  0.51209813]
[-0.11243957 -0.42411457 -0.12112751 -0.32504368  0.27642978  0.45639241
 -0.44113341  0.44566494  0.46701529 -0.32823849 -0.02524635  0.3584627
 -0.11357112 -0.30535371 -0.5116891 ]
