[0.98076191 0.05239053 0.27593875 0.61299579 0.58362103 0.36680627
 0.76050156 0.6820612  0.35971263 0.78965671 0.60463237 0.53838417
 0.78073165 0.12759201 0.10488932]
[0.65095556 0.49016804 0.579452   0.4732542  0.5132803  0.42100796
 0.74979633 0.50713134 0.500601   0.48768854 0.67930365 0.53841686
 0.51368487 0.52125764 0.491592  ]
[ 3.29806357e-01 -4.37777504e-01 -3.03513224e-01  1.39741582e-01
  7.03407587e-02 -5.42016894e-02  1.07052253e-02  1.74929859e-01
 -1.40888362e-01  3.01968173e-01 -7.46712796e-02 -3.26905694e-05
  2.67046779e-01 -3.93665625e-01 -3.86702670e-01]
