[1.38265333e-04 1.28733710e-01 4.77090729e-01 7.33740307e-01
 4.40035948e-01 9.79114718e-01 3.15176862e-01 4.48239524e-01
 3.39502615e-02 3.39598511e-01 2.30704804e-02 7.08623449e-01
 7.16943091e-01 7.68362723e-01 8.16329637e-01]
[0.04424592 0.48502487 0.4678028  0.4940564  0.30952978 0.5270481
 0.3734303  0.5217395  0.42846727 0.4866252  0.34705946 0.4991889
 0.49476418 0.50709826 0.5081553 ]
[-0.04410766 -0.35629116  0.00928794  0.2396839   0.13050617  0.45206661
 -0.05825345 -0.07349996 -0.39451701 -0.14702668 -0.32398898  0.20943455
  0.22217891  0.26126447  0.30817435]
