[0.98170362 0.14500859 0.57732811 0.46053865 0.27544419 0.65518268
 0.37279297 0.2331682  0.96003937 0.89087609 0.20739366 0.63475156
 0.04542487 0.56392927 0.18280812]
[0.63886255 0.46780422 0.5770027  0.48928457 0.20040348 0.6297544
 0.5638429  0.4777425  0.44246396 0.4619087  0.21296857 0.48793688
 0.46996465 0.47944695 0.52446395]
[ 3.42841067e-01 -3.22795634e-01  3.25405367e-04 -2.87459263e-02
  7.50407126e-02  2.54282592e-02 -1.91049919e-01 -2.44574291e-01
  5.17575405e-01  4.28967395e-01 -5.57490892e-03  1.46814672e-01
 -4.24539782e-01  8.44823180e-02 -3.41655829e-01]
