[2.83727780e-01 9.78067640e-01 4.02071760e-01 6.83481375e-01
 2.95364916e-01 6.57760562e-01 7.46609273e-01 2.07196395e-04
 6.52341557e-01 9.40697671e-01 4.75104454e-01 1.07800606e-01
 4.64000462e-01 4.51234314e-01 1.39644580e-01]
[0.32876036 0.465051   0.5840347  0.4962922  0.22807257 0.40957662
 0.7890161  0.4638986  0.5205929  0.48378208 0.45193592 0.52246946
 0.4872949  0.4310637  0.5190603 ]
[-0.04503258  0.51301665 -0.18196292  0.18718917  0.06729235  0.24818394
 -0.04240685 -0.4636914   0.13174863  0.45691559  0.02316854 -0.41466885
 -0.02329445  0.0201706  -0.37941573]
