[5.31148738e-01 6.47551008e-02 2.88398573e-01 2.10635664e-01
 8.05588189e-01 9.06610071e-01 2.83078701e-01 9.11030797e-01
 9.62832173e-01 1.79110222e-01 4.54944972e-01 8.98846160e-01
 4.27066130e-01 1.85625094e-01 4.09033231e-04]
[0.64897823 0.47622737 0.5994889  0.5005123  0.69511384 0.5301564
 0.5179175  0.47288904 0.49237427 0.5042499  0.6334738  0.50575876
 0.50876504 0.5140905  0.50541085]
[-0.11782949 -0.41147227 -0.31109034 -0.28987664  0.11047435  0.3764537
 -0.23483881  0.43814176  0.4704579  -0.32513965 -0.17852884  0.3930874
 -0.08169891 -0.32846538 -0.50500182]
