[0.35043174 0.77434821 0.00831571 0.08115585 0.9950346  0.00675157
 0.31638981 0.97156892 0.64027133 0.45609879 0.48123738 0.64538707
 0.81661579 0.03231054 0.48928563]
[0.639462   0.49660355 0.37939218 0.42131838 0.28271875 0.47692198
 0.31587183 0.5000312  0.45473078 0.51279503 0.31353077 0.49627382
 0.51807153 0.47942248 0.5019173 ]
[-2.89030259e-01  2.77744666e-01 -3.71076462e-01 -3.40162532e-01
  7.12315848e-01 -4.70170408e-01  5.17976338e-04  4.71537748e-01
  1.85540548e-01 -5.66962416e-02  1.67706608e-01  1.49113251e-01
  2.98544255e-01 -4.47111944e-01 -1.26316697e-02]
