[0.20782429 0.63097114 0.67059741 0.08763963 0.97853964 0.57693318
 0.90987569 0.69842687 0.00492859 0.06357744 0.0573988  0.40458569
 0.30464106 0.09790638 0.5146444 ]
[0.10028058 0.5033515  0.38761303 0.43672314 0.84357095 0.56646615
 0.6154007  0.47870037 0.5317119  0.5184737  0.53791744 0.55574405
 0.54088163 0.5426152  0.51500696]
[ 1.07543718e-01  1.27619631e-01  2.82984380e-01 -3.49083511e-01
  1.34968695e-01  1.04670300e-02  2.94475019e-01  2.19726500e-01
 -5.26783285e-01 -4.54896244e-01 -4.80518636e-01 -1.51158362e-01
 -2.36240570e-01 -4.44708792e-01 -3.62559161e-04]
